Function: sum
  %3 = alloca i32, align 4 [ 0.04  -0.18  0.05  0.01  0.10  -0.15  -0.06  -0.03  -0.08  0.08  0.17  0.05  -0.14  0.17  -0.21  0.09  0.11  -0.19  -0.13  -0.07  -0.22  -0.09  -0.08  -0.08  0.22  0.13  -0.07  0.01  -0.12  0.07  0.04  -0.07  -0.09  -0.27  -0.12  0.11  0.06  -0.09  0.12  -0.07  -0.07  0.10  0.13  0.09  -0.13  -0.21  -0.23  -0.03  0.15  -0.07  0.15  0.05  0.11  0.27  -0.23  0.13  -0.02  -0.01  -0.25  -0.06  0.12  0.09  -0.14  -0.12  -0.34  0.09  0.04  -0.02  -0.09  0.08  -0.12  -0.16  -0.05  0.14  0.18 ]
  %4 = alloca i32, align 4 [ 0.04  -0.18  0.05  0.01  0.10  -0.15  -0.06  -0.03  -0.08  0.08  0.17  0.05  -0.14  0.17  -0.21  0.09  0.11  -0.19  -0.13  -0.07  -0.22  -0.09  -0.08  -0.08  0.22  0.13  -0.07  0.01  -0.12  0.07  0.04  -0.07  -0.09  -0.27  -0.12  0.11  0.06  -0.09  0.12  -0.07  -0.07  0.10  0.13  0.09  -0.13  -0.21  -0.23  -0.03  0.15  -0.07  0.15  0.05  0.11  0.27  -0.23  0.13  -0.02  -0.01  -0.25  -0.06  0.12  0.09  -0.14  -0.12  -0.34  0.09  0.04  -0.02  -0.09  0.08  -0.12  -0.16  -0.05  0.14  0.18 ]
  %5 = alloca i32, align 4 [ 0.04  -0.18  0.05  0.01  0.10  -0.15  -0.06  -0.03  -0.08  0.08  0.17  0.05  -0.14  0.17  -0.21  0.09  0.11  -0.19  -0.13  -0.07  -0.22  -0.09  -0.08  -0.08  0.22  0.13  -0.07  0.01  -0.12  0.07  0.04  -0.07  -0.09  -0.27  -0.12  0.11  0.06  -0.09  0.12  -0.07  -0.07  0.10  0.13  0.09  -0.13  -0.21  -0.23  -0.03  0.15  -0.07  0.15  0.05  0.11  0.27  -0.23  0.13  -0.02  -0.01  -0.25  -0.06  0.12  0.09  -0.14  -0.12  -0.34  0.09  0.04  -0.02  -0.09  0.08  -0.12  -0.16  -0.05  0.14  0.18 ]
  %6 = alloca i32, align 4 [ 0.04  -0.18  0.05  0.01  0.10  -0.15  -0.06  -0.03  -0.08  0.08  0.17  0.05  -0.14  0.17  -0.21  0.09  0.11  -0.19  -0.13  -0.07  -0.22  -0.09  -0.08  -0.08  0.22  0.13  -0.07  0.01  -0.12  0.07  0.04  -0.07  -0.09  -0.27  -0.12  0.11  0.06  -0.09  0.12  -0.07  -0.07  0.10  0.13  0.09  -0.13  -0.21  -0.23  -0.03  0.15  -0.07  0.15  0.05  0.11  0.27  -0.23  0.13  -0.02  -0.01  -0.25  -0.06  0.12  0.09  -0.14  -0.12  -0.34  0.09  0.04  -0.02  -0.09  0.08  -0.12  -0.16  -0.05  0.14  0.18 ]
  store i32 %0, ptr %4, align 4 [ 0.11  0.02  0.01  0.07  0.10  -0.05  -0.01  -0.19  0.10  -0.33  0.01  0.08  -0.08  -0.01  -0.01  -0.05  -0.15  -0.03  -0.06  0.01  0.00  -0.09  -0.04  0.09  0.03  0.36  -0.06  -0.11  -0.05  0.10  0.04  0.02  0.09  0.04  -0.01  0.10  0.05  -0.05  0.05  -0.06  0.04  0.12  -0.00  0.11  -0.11  -0.02  0.02  -0.10  -0.01  0.07  0.01  0.08  0.07  0.11  -0.04  -0.09  -0.01  -0.00  0.06  -0.09  0.00  -0.06  -0.30  0.00  -0.01  -0.06  -0.06  -0.04  -0.05  0.04  0.26  0.04  0.01  -0.05  -0.35 ]
  store i32 %1, ptr %5, align 4 [ 0.11  0.02  0.01  0.07  0.10  -0.05  -0.01  -0.19  0.10  -0.33  0.01  0.08  -0.08  -0.01  -0.01  -0.05  -0.15  -0.03  -0.06  0.01  0.00  -0.09  -0.04  0.09  0.03  0.36  -0.06  -0.11  -0.05  0.10  0.04  0.02  0.09  0.04  -0.01  0.10  0.05  -0.05  0.05  -0.06  0.04  0.12  -0.00  0.11  -0.11  -0.02  0.02  -0.10  -0.01  0.07  0.01  0.08  0.07  0.11  -0.04  -0.09  -0.01  -0.00  0.06  -0.09  0.00  -0.06  -0.30  0.00  -0.01  -0.06  -0.06  -0.04  -0.05  0.04  0.26  0.04  0.01  -0.05  -0.35 ]
  %7 = load i32, ptr %4, align 4 [ 0.05  0.15  0.03  0.12  0.18  -0.09  -0.02  0.01  0.10  -0.29  0.01  0.13  0.02  0.12  -0.24  0.02  -0.11  0.10  0.23  -0.02  0.13  -0.14  -0.08  -0.08  -0.08  0.33  -0.12  0.00  -0.11  0.08  -0.20  -0.05  0.14  0.10  -0.07  0.09  0.01  -0.09  0.06  -0.02  -0.02  0.15  0.14  -0.06  -0.06  0.00  0.09  0.02  -0.12  -0.10  0.10  0.17  0.08  -0.01  0.15  -0.07  -0.01  0.02  -0.07  -0.10  -0.01  -0.09  -0.03  -0.04  -0.12  0.11  0.04  0.01  -0.09  0.08  0.32  0.02  0.06  0.14  0.16 ]
  %8 = load i32, ptr %5, align 4 [ 0.05  0.15  0.03  0.12  0.18  -0.09  -0.02  0.01  0.10  -0.29  0.01  0.13  0.02  0.12  -0.24  0.02  -0.11  0.10  0.23  -0.02  0.13  -0.14  -0.08  -0.08  -0.08  0.33  -0.12  0.00  -0.11  0.08  -0.20  -0.05  0.14  0.10  -0.07  0.09  0.01  -0.09  0.06  -0.02  -0.02  0.15  0.14  -0.06  -0.06  0.00  0.09  0.02  -0.12  -0.10  0.10  0.17  0.08  -0.01  0.15  -0.07  -0.01  0.02  -0.07  -0.10  -0.01  -0.09  -0.03  -0.04  -0.12  0.11  0.04  0.01  -0.09  0.08  0.32  0.02  0.06  0.14  0.16 ]
  %9 = add nsw i32 %7, %8 [ 0.08  0.07  0.05  0.13  0.21  -0.06  -0.04  -0.03  0.14  -0.24  0.02  0.11  -0.14  0.11  -0.03  0.02  -0.16  0.12  0.31  0.03  0.06  -0.16  -0.04  -0.06  -0.02  -0.33  -0.10  0.30  -0.11  0.08  -0.27  0.01  0.16  0.05  -0.07  0.17  0.07  -0.08  0.07  -0.21  0.05  0.17  0.10  -0.03  -0.09  -0.13  0.04  -0.08  -0.04  0.00  0.15  0.20  -0.02  -0.25  0.03  -0.19  -0.02  -0.01  -0.04  -0.12  -0.04  -0.10  -0.26  -0.08  -0.04  0.06  0.01  0.00  -0.01  0.05  0.09  0.04  0.06  0.11  0.17 ]
  store i32 %9, ptr %6, align 4 [ 0.11  0.02  0.01  0.07  0.10  -0.05  -0.01  -0.19  0.10  -0.33  0.01  0.08  -0.08  -0.01  -0.01  -0.05  -0.15  -0.03  -0.06  0.01  0.00  -0.09  -0.04  0.09  0.03  0.36  -0.06  -0.11  -0.05  0.10  0.04  0.02  0.09  0.04  -0.01  0.10  0.05  -0.05  0.05  -0.06  0.04  0.12  -0.00  0.11  -0.11  -0.02  0.02  -0.10  -0.01  0.07  0.01  0.08  0.07  0.11  -0.04  -0.09  -0.01  -0.00  0.06  -0.09  0.00  -0.06  -0.30  0.00  -0.01  -0.06  -0.06  -0.04  -0.05  0.04  0.26  0.04  0.01  -0.05  -0.35 ]
  %10 = load i32, ptr %6, align 4 [ 0.05  0.15  0.03  0.12  0.18  -0.09  -0.02  0.01  0.10  -0.29  0.01  0.13  0.02  0.12  -0.24  0.02  -0.11  0.10  0.23  -0.02  0.13  -0.14  -0.08  -0.08  -0.08  0.33  -0.12  0.00  -0.11  0.08  -0.20  -0.05  0.14  0.10  -0.07  0.09  0.01  -0.09  0.06  -0.02  -0.02  0.15  0.14  -0.06  -0.06  0.00  0.09  0.02  -0.12  -0.10  0.10  0.17  0.08  -0.01  0.15  -0.07  -0.01  0.02  -0.07  -0.10  -0.01  -0.09  -0.03  -0.04  -0.12  0.11  0.04  0.01  -0.09  0.08  0.32  0.02  0.06  0.14  0.16 ]
  %11 = icmp sgt i32 %10, 10 [ 0.04  0.06  0.06  0.11  -0.08  0.05  -0.06  0.02  0.13  0.35  0.02  0.18  0.03  0.13  0.22  0.10  -0.12  0.15  0.27  0.01  0.10  -0.10  -0.07  -0.04  0.06  -0.35  -0.12  0.31  -0.11  0.06  0.18  -0.00  0.12  0.06  -0.07  0.10  0.03  -0.09  0.07  -0.11  0.05  0.12  0.07  -0.03  -0.08  -0.21  0.06  0.03  -0.04  -0.01  0.10  0.14  -0.03  -0.19  0.03  -0.18  0.06  0.01  -0.01  -0.05  -0.03  -0.10  0.01  -0.04  -0.03  0.05  -0.05  0.00  -0.01  0.04  0.17  0.03  0.07  0.10  -0.29 ]
  br i1 %11, label %12, label %14 [ 0.00  -0.14  -0.03  -0.06  0.10  0.11  0.11  -0.14  0.19  0.02  -0.00  -0.02  -0.07  -0.09  0.06  -0.16  -0.15  -0.13  -0.03  0.06  -0.09  0.05  -0.05  0.14  -0.04  0.02  0.02  0.06  0.05  -0.03  -0.01  0.05  -0.05  -0.09  0.14  -0.02  0.05  0.09  -0.10  -0.08  -0.02  -0.03  -0.11  0.14  0.03  0.14  -0.11  -0.01  0.02  0.16  -0.11  -0.03  -0.01  -0.03  -0.08  -0.19  -0.14  -0.01  -0.06  0.03  -0.06  0.09  0.04  0.10  0.07  -0.10  -0.06  0.04  0.09  -0.02  -0.04  0.15  -0.14  -0.13  0.06 ]
  %13 = load i32, ptr %6, align 4 [ 0.05  0.15  0.03  0.12  0.18  -0.09  -0.02  0.01  0.10  -0.29  0.01  0.13  0.02  0.12  -0.24  0.02  -0.11  0.10  0.23  -0.02  0.13  -0.14  -0.08  -0.08  -0.08  0.33  -0.12  0.00  -0.11  0.08  -0.20  -0.05  0.14  0.10  -0.07  0.09  0.01  -0.09  0.06  -0.02  -0.02  0.15  0.14  -0.06  -0.06  0.00  0.09  0.02  -0.12  -0.10  0.10  0.17  0.08  -0.01  0.15  -0.07  -0.01  0.02  -0.07  -0.10  -0.01  -0.09  -0.03  -0.04  -0.12  0.11  0.04  0.01  -0.09  0.08  0.32  0.02  0.06  0.14  0.16 ]
  store i32 %13, ptr %3, align 4 [ 0.11  0.02  0.01  0.07  0.10  -0.05  -0.01  -0.19  0.10  -0.33  0.01  0.08  -0.08  -0.01  -0.01  -0.05  -0.15  -0.03  -0.06  0.01  0.00  -0.09  -0.04  0.09  0.03  0.36  -0.06  -0.11  -0.05  0.10  0.04  0.02  0.09  0.04  -0.01  0.10  0.05  -0.05  0.05  -0.06  0.04  0.12  -0.00  0.11  -0.11  -0.02  0.02  -0.10  -0.01  0.07  0.01  0.08  0.07  0.11  -0.04  -0.09  -0.01  -0.00  0.06  -0.09  0.00  -0.06  -0.30  0.00  -0.01  -0.06  -0.06  -0.04  -0.05  0.04  0.26  0.04  0.01  -0.05  -0.35 ]
  br label %17 [ 0.01  -0.07  -0.08  -0.05  0.03  0.02  0.09  -0.08  0.09  -0.02  0.03  0.04  -0.05  -0.03  0.02  -0.12  -0.07  -0.10  -0.07  -0.04  -0.07  0.05  0.02  0.09  -0.06  0.04  0.01  -0.03  -0.03  -0.02  0.01  -0.02  -0.06  -0.07  0.11  -0.07  -0.03  0.07  -0.08  0.03  -0.00  -0.04  -0.07  0.08  0.04  0.10  -0.10  -0.04  -0.03  0.10  -0.09  -0.02  0.06  0.02  -0.05  -0.10  -0.09  -0.07  0.02  0.01  -0.06  0.07  -0.03  0.07  0.04  -0.05  0.03  -0.04  0.03  0.04  -0.02  0.09  -0.10  -0.07  0.03 ]
  %15 = load i32, ptr %6, align 4 [ 0.05  0.15  0.03  0.12  0.18  -0.09  -0.02  0.01  0.10  -0.29  0.01  0.13  0.02  0.12  -0.24  0.02  -0.11  0.10  0.23  -0.02  0.13  -0.14  -0.08  -0.08  -0.08  0.33  -0.12  0.00  -0.11  0.08  -0.20  -0.05  0.14  0.10  -0.07  0.09  0.01  -0.09  0.06  -0.02  -0.02  0.15  0.14  -0.06  -0.06  0.00  0.09  0.02  -0.12  -0.10  0.10  0.17  0.08  -0.01  0.15  -0.07  -0.01  0.02  -0.07  -0.10  -0.01  -0.09  -0.03  -0.04  -0.12  0.11  0.04  0.01  -0.09  0.08  0.32  0.02  0.06  0.14  0.16 ]
  %16 = mul nsw i32 %15, 2 [ 0.02  0.05  0.17  0.14  0.18  -0.09  -0.04  0.26  0.15  0.09  0.00  0.20  0.03  0.12  -0.06  0.09  -0.12  0.16  0.23  0.06  -0.09  -0.09  -0.08  -0.04  -0.07  -0.11  -0.12  0.30  -0.10  0.04  0.08  -0.00  0.07  0.04  -0.05  0.17  0.09  -0.06  0.04  -0.08  0.04  0.08  0.13  -0.02  0.19  -0.22  0.03  0.04  -0.01  -0.03  0.14  0.24  -0.02  -0.03  0.13  -0.18  -0.10  -0.04  -0.06  -0.07  -0.02  -0.06  0.37  -0.11  0.01  0.03  0.01  -0.02  -0.01  0.04  -0.02  0.04  0.05  0.13  0.03 ]
  store i32 %16, ptr %3, align 4 [ 0.11  0.02  0.01  0.07  0.10  -0.05  -0.01  -0.19  0.10  -0.33  0.01  0.08  -0.08  -0.01  -0.01  -0.05  -0.15  -0.03  -0.06  0.01  0.00  -0.09  -0.04  0.09  0.03  0.36  -0.06  -0.11  -0.05  0.10  0.04  0.02  0.09  0.04  -0.01  0.10  0.05  -0.05  0.05  -0.06  0.04  0.12  -0.00  0.11  -0.11  -0.02  0.02  -0.10  -0.01  0.07  0.01  0.08  0.07  0.11  -0.04  -0.09  -0.01  -0.00  0.06  -0.09  0.00  -0.06  -0.30  0.00  -0.01  -0.06  -0.06  -0.04  -0.05  0.04  0.26  0.04  0.01  -0.05  -0.35 ]
  br label %17 [ 0.01  -0.07  -0.08  -0.05  0.03  0.02  0.09  -0.08  0.09  -0.02  0.03  0.04  -0.05  -0.03  0.02  -0.12  -0.07  -0.10  -0.07  -0.04  -0.07  0.05  0.02  0.09  -0.06  0.04  0.01  -0.03  -0.03  -0.02  0.01  -0.02  -0.06  -0.07  0.11  -0.07  -0.03  0.07  -0.08  0.03  -0.00  -0.04  -0.07  0.08  0.04  0.10  -0.10  -0.04  -0.03  0.10  -0.09  -0.02  0.06  0.02  -0.05  -0.10  -0.09  -0.07  0.02  0.01  -0.06  0.07  -0.03  0.07  0.04  -0.05  0.03  -0.04  0.03  0.04  -0.02  0.09  -0.10  -0.07  0.03 ]
  %18 = load i32, ptr %3, align 4 [ 0.05  0.15  0.03  0.12  0.18  -0.09  -0.02  0.01  0.10  -0.29  0.01  0.13  0.02  0.12  -0.24  0.02  -0.11  0.10  0.23  -0.02  0.13  -0.14  -0.08  -0.08  -0.08  0.33  -0.12  0.00  -0.11  0.08  -0.20  -0.05  0.14  0.10  -0.07  0.09  0.01  -0.09  0.06  -0.02  -0.02  0.15  0.14  -0.06  -0.06  0.00  0.09  0.02  -0.12  -0.10  0.10  0.17  0.08  -0.01  0.15  -0.07  -0.01  0.02  -0.07  -0.10  -0.01  -0.09  -0.03  -0.04  -0.12  0.11  0.04  0.01  -0.09  0.08  0.32  0.02  0.06  0.14  0.16 ]
  ret i32 %18 [ 0.15  0.01  -0.02  0.09  -0.12  -0.10  -0.03  -0.17  0.09  -0.23  0.12  0.11  -0.20  -0.21  0.40  -0.06  -0.12  -0.09  -0.08  -0.08  -0.01  -0.00  0.06  0.04  -0.32  0.17  -0.06  -0.07  -0.09  0.10  0.09  -0.03  -0.01  0.12  -0.04  0.00  0.03  -0.07  0.09  -0.09  0.22  0.13  0.12  0.10  0.01  -0.06  -0.01  -0.12  0.01  0.18  0.01  0.10  0.04  -0.18  0.18  -0.10  0.05  -0.08  0.21  -0.13  0.05  -0.10  -0.24  -0.04  0.14  -0.07  -0.03  -0.10  0.14  0.06  -0.06  -0.01  0.05  -0.01  0.14 ]
Function: main
  %1 = alloca i32, align 4 [ 0.04  -0.18  0.05  0.01  0.10  -0.15  -0.06  -0.03  -0.08  0.08  0.17  0.05  -0.14  0.17  -0.21  0.09  0.11  -0.19  -0.13  -0.07  -0.22  -0.09  -0.08  -0.08  0.22  0.13  -0.07  0.01  -0.12  0.07  0.04  -0.07  -0.09  -0.27  -0.12  0.11  0.06  -0.09  0.12  -0.07  -0.07  0.10  0.13  0.09  -0.13  -0.21  -0.23  -0.03  0.15  -0.07  0.15  0.05  0.11  0.27  -0.23  0.13  -0.02  -0.01  -0.25  -0.06  0.12  0.09  -0.14  -0.12  -0.34  0.09  0.04  -0.02  -0.09  0.08  -0.12  -0.16  -0.05  0.14  0.18 ]
  %2 = alloca i32, align 4 [ 0.04  -0.18  0.05  0.01  0.10  -0.15  -0.06  -0.03  -0.08  0.08  0.17  0.05  -0.14  0.17  -0.21  0.09  0.11  -0.19  -0.13  -0.07  -0.22  -0.09  -0.08  -0.08  0.22  0.13  -0.07  0.01  -0.12  0.07  0.04  -0.07  -0.09  -0.27  -0.12  0.11  0.06  -0.09  0.12  -0.07  -0.07  0.10  0.13  0.09  -0.13  -0.21  -0.23  -0.03  0.15  -0.07  0.15  0.05  0.11  0.27  -0.23  0.13  -0.02  -0.01  -0.25  -0.06  0.12  0.09  -0.14  -0.12  -0.34  0.09  0.04  -0.02  -0.09  0.08  -0.12  -0.16  -0.05  0.14  0.18 ]
  store i32 0, ptr %1, align 4 [ 0.05  0.01  0.01  0.06  0.04  -0.10  -0.01  -0.14  0.07  -0.32  0.01  0.15  -0.08  0.02  -0.08  0.03  -0.10  -0.01  -0.10  -0.02  0.01  -0.03  0.02  0.10  0.03  0.36  -0.06  -0.10  -0.05  0.07  0.04  0.02  0.04  0.03  -0.01  0.07  0.06  -0.04  0.05  0.02  0.04  0.07  0.01  0.12  -0.10  -0.10  0.02  -0.09  -0.00  0.03  0.01  0.03  0.07  0.20  -0.05  -0.09  0.00  -0.01  0.10  -0.04  0.00  -0.06  -0.31  0.00  -0.00  -0.06  -0.06  -0.07  -0.05  0.03  0.25  0.02  0.02  -0.05  -0.30 ]
  %3 = call i32 @sum(i32 noundef 5, i32 noundef 8) [ -0.03  -0.19  0.14  -0.23  0.08  -0.11  -0.04  0.08  0.08  0.33  -0.17  0.25  -0.17  -0.10  0.14  0.13  -0.11  0.10  -0.07  0.02  0.08  -0.02  -0.05  -0.00  0.15  -0.13  -0.14  0.19  -0.02  0.01  -0.21  0.05  0.03  0.01  -0.01  0.01  0.09  -0.06  -0.00  -0.00  -0.25  0.04  0.05  -0.05  0.01  0.10  0.07  0.06  0.18  -0.11  0.07  0.03  -0.01  -0.13  0.01  -0.14  -0.09  -0.04  -0.08  0.00  -0.22  -0.04  0.34  -0.01  0.22  0.08  -0.09  0.13  -0.04  -0.01  -0.31  0.12  0.03  0.08  -0.27 ]
  store i32 %3, ptr %2, align 4 [ 0.11  0.02  0.01  0.07  0.10  -0.05  -0.01  -0.19  0.10  -0.33  0.01  0.08  -0.08  -0.01  -0.01  -0.05  -0.15  -0.03  -0.06  0.01  0.00  -0.09  -0.04  0.09  0.03  0.36  -0.06  -0.11  -0.05  0.10  0.04  0.02  0.09  0.04  -0.01  0.10  0.05  -0.05  0.05  -0.06  0.04  0.12  -0.00  0.11  -0.11  -0.02  0.02  -0.10  -0.01  0.07  0.01  0.08  0.07  0.11  -0.04  -0.09  -0.01  -0.00  0.06  -0.09  0.00  -0.06  -0.30  0.00  -0.01  -0.06  -0.06  -0.04  -0.05  0.04  0.26  0.04  0.01  -0.05  -0.35 ]
  %4 = load i32, ptr %2, align 4 [ 0.05  0.15  0.03  0.12  0.18  -0.09  -0.02  0.01  0.10  -0.29  0.01  0.13  0.02  0.12  -0.24  0.02  -0.11  0.10  0.23  -0.02  0.13  -0.14  -0.08  -0.08  -0.08  0.33  -0.12  0.00  -0.11  0.08  -0.20  -0.05  0.14  0.10  -0.07  0.09  0.01  -0.09  0.06  -0.02  -0.02  0.15  0.14  -0.06  -0.06  0.00  0.09  0.02  -0.12  -0.10  0.10  0.17  0.08  -0.01  0.15  -0.07  -0.01  0.02  -0.07  -0.10  -0.01  -0.09  -0.03  -0.04  -0.12  0.11  0.04  0.01  -0.09  0.08  0.32  0.02  0.06  0.14  0.16 ]
  %5 = call i32 (ptr, ...) @printf(ptr noundef @.str, i32 noundef %4) [ 0.08  -0.13  0.13  -0.21  0.21  -0.02  -0.03  -0.01  0.15  0.31  -0.18  0.10  -0.17  -0.16  0.30  -0.02  -0.21  0.03  0.02  0.08  0.10  -0.12  -0.15  -0.01  0.15  -0.10  -0.14  0.09  -0.02  0.07  -0.21  0.04  0.12  0.01  -0.01  0.07  0.08  -0.06  -0.01  -0.07  -0.25  0.16  0.03  -0.06  -0.00  0.27  0.11  0.05  0.17  -0.09  0.06  0.12  0.07  -0.32  0.01  -0.08  -0.10  -0.04  -0.15  -0.10  -0.22  -0.04  0.37  -0.01  0.22  0.09  -0.09  0.21  -0.10  -0.00  -0.30  0.15  0.01  0.07  -0.45 ]
  ret i32 0 [ 0.09  -0.00  -0.02  0.08  -0.18  -0.15  -0.04  -0.13  0.05  -0.22  0.12  0.19  -0.20  -0.19  0.33  0.01  -0.07  -0.07  -0.13  -0.11  -0.00  0.06  0.12  0.04  -0.31  0.17  -0.06  -0.06  -0.10  0.07  0.09  -0.03  -0.06  0.11  -0.04  -0.02  0.03  -0.07  0.08  -0.02  0.22  0.07  0.12  0.10  0.03  -0.14  -0.01  -0.12  0.01  0.14  0.01  0.06  0.03  -0.09  0.18  -0.10  0.05  -0.08  0.25  -0.08  0.05  -0.10  -0.25  -0.04  0.14  -0.07  -0.03  -0.13  0.15  0.05  -0.07  -0.03  0.06  -0.01  0.20 ]
